# oST version 5.0 parameters

width: 640
height: 480

depth_scale: 5000.0

fx: 517.3
fy: 516.5
cx: 318.6
cy: 255.3

distoration: [0.2624,	-0.9531,	-0.0054,	0.0026,	1.1633]

vit: models/clip.engine